0.000000	1.000000	
0.502650	2.000000	
0.913320	3.000000	
0.921640	4.000000	
1.323980	5.000000	
1.332300	6.000000	
1.340620	7.000000	
1.348940	8.000000	
1.734650	9.000000	
1.742970	10.000000	
1.751290	11.000000	
1.759610	12.000000	
1.767930	13.000000	
1.776250	14.000000	
1.784570	15.000000	
1.792890	16.000000	
2.145310	17.000000	
2.153630	18.000000	
2.161950	19.000000	
2.170270	20.000000	
2.178590	20.050000	
2.186910	20.100000	
2.195230	20.150000	
2.203550	20.199000	
2.211870	20.249000	
2.220190	20.298000	
2.228510	20.347000	
2.236830	20.397000	
2.245150	20.446000	
2.253470	20.494000	
2.261790	20.543000	
2.270110	20.592000	
2.555980	20.641000	
2.564300	20.689000	
2.572620	20.737000	
2.580940	20.786000	
2.589260	20.834000	
2.597580	20.882000	
2.605900	20.930000	
2.614220	20.977000	
2.622540	21.025000	
2.630860	21.073000	
2.639180	21.120000	
2.647500	21.167000	
2.655820	21.215000	
2.664140	21.262000	
2.672460	21.309000	
2.680780	21.356000	
2.689100	21.403000	
2.697420	21.449000	
2.705740	21.496000	
2.714060	21.542000	
2.966650	21.589000	
2.974970	21.635000	
2.983290	21.681000	
2.991610	21.727000	
2.999930	21.773000	
3.008250	21.819000	
3.016570	21.865000	
3.024890	21.911000	
3.033210	21.957000	
3.041530	22.002000	
3.049850	22.048000	
3.058170	22.093000	
3.066490	22.138000	
3.074810	22.183000	
3.083130	22.228000	
3.091450	22.273000	
3.099770	22.318000	
3.108090	22.363000	
3.116410	22.408000	
3.124730	22.453000	
3.377310	22.497000	
3.385630	22.542000	
3.393950	22.586000	
3.402270	22.630000	
3.410590	22.674000	
3.418910	22.718000	
3.427230	22.762000	
3.435550	22.806000	
3.443870	22.850000	
3.452190	22.894000	
3.460510	22.938000	
3.468830	22.981000	
3.477150	23.025000	
3.485470	23.068000	
3.493790	23.112000	
3.502110	23.155000	
3.510430	23.198000	
3.518750	23.241000	
3.527070	23.284000	
3.535390	23.327000	
3.787980	23.370000	
3.796300	23.413000	
3.804620	23.455000	
3.812940	23.498000	
3.821260	23.541000	
3.829580	23.583000	
3.837900	23.626000	
3.846220	23.668000	
3.854540	23.710000	
3.862860	23.752000	
3.871180	23.794000	
3.879500	23.836000	
3.887820	23.878000	
3.896140	23.920000	
3.904460	23.962000	
3.912780	24.004000	
3.921100	24.045000	
3.929420	24.087000	
3.937740	24.129000	
3.946060	24.170000	
4.198640	24.211000	
4.206960	24.253000	
4.215280	24.294000	
4.223600	24.335000	
4.231920	24.376000	
4.240240	24.417000	
4.248560	24.458000	
4.256880	24.499000	
4.265200	24.540000	
4.273520	24.581000	
4.281840	24.621000	
4.290160	24.662000	
4.298480	24.702000	
4.306800	24.743000	
4.315120	24.783000	
4.323440	24.824000	
4.331760	24.864000	
4.340080	24.904000	
4.348400	24.944000	
4.356720	24.984000	
4.609310	25.024000	
4.617630	25.064000	
4.625950	25.104000	
4.634270	25.144000	
4.642590	25.184000	
4.650910	25.224000	
4.659230	25.263000	
4.667550	25.303000	
4.675870	25.342000	
4.684190	25.382000	
4.692510	25.421000	
4.700830	25.461000	
4.709150	25.500000	
4.717470	25.539000	
4.725790	25.578000	
4.734110	25.617000	
4.742430	25.656000	
4.750750	25.695000	
4.759070	25.734000	
4.767390	25.773000	
5.019970	25.812000	
5.028290	25.851000	
5.036610	25.889000	
5.044930	25.928000	
5.053250	25.967000	
5.061570	26.005000	
5.069890	26.044000	
5.078210	26.082000	
5.086530	26.120000	
5.094850	26.159000	
5.103170	26.197000	
5.111490	26.235000	
5.119810	26.273000	
5.128130	26.311000	
5.136450	26.349000	
5.144770	26.387000	
5.153090	26.425000	
5.161410	26.463000	
5.169730	26.501000	
5.178050	26.538000	
5.658050	1.000000	
7.410670	2.000000	
7.821330	3.000000	
7.829650	4.000000	
8.232000	5.000000	
8.240320	6.000000	
8.248640	7.000000	
8.256960	8.000000	
8.642660	9.000000	
8.650980	10.000000	
8.659300	11.000000	
8.667620	12.000000	
8.675940	13.000000	
8.684260	14.000000	
8.692580	15.000000	
8.700900	16.000000	
9.053330	17.000000	
9.061650	18.000000	
9.069970	19.000000	
9.078290	20.000000	
9.086610	20.050000	
9.094930	20.100000	
9.103250	20.150000	
9.111570	20.199000	
9.119890	20.249000	
9.128210	20.298000	
9.136530	20.347000	
9.144850	20.397000	
9.153170	20.446000	
9.161490	20.494000	
9.169810	20.543000	
9.178130	20.592000	
9.464000	20.641000	
9.472320	20.689000	
9.480640	20.737000	
9.488960	20.786000	
9.497280	20.834000	
9.505600	20.882000	
9.513920	20.930000	
9.522240	20.977000	
9.530560	21.025000	
9.538880	21.073000	
9.547200	21.120000	
9.555520	21.167000	
9.563840	21.215000	
9.572160	21.262000	
9.580480	21.309000	
9.588800	21.356000	
9.597120	21.403000	
9.605440	21.449000	
9.613760	21.496000	
9.622080	21.542000	
9.874660	21.589000	
9.882980	21.635000	
9.891300	21.681000	
9.899620	21.727000	
9.907940	21.773000	
9.916260	21.819000	
9.924580	21.865000	
9.932900	21.911000	
9.941220	21.957000	
9.949540	22.002000	
9.957860	22.048000	
9.966180	22.093000	
9.974500	22.138000	
9.982820	22.183000	
9.991140	22.228000	
9.999460	22.273000	
10.007780	22.318000	
10.016100	22.363000	
10.024420	22.408000	
10.032740	22.453000	
10.285330	22.497000	
10.293650	22.542000	
10.301970	22.586000	
10.310290	22.630000	
10.318610	22.674000	
10.326930	22.718000	
10.335250	22.762000	
10.343570	22.806000	
10.351890	22.850000	
10.360210	22.894000	
10.368530	22.938000	
10.376850	22.981000	
10.385170	23.025000	
10.393490	23.068000	
10.401810	23.112000	
10.410130	23.155000	
10.418450	23.198000	
10.426770	23.241000	
10.435090	23.284000	
10.443410	23.327000	
10.695990	23.370000	
10.704310	23.413000	
10.712630	23.455000	
10.720950	23.498000	
10.729270	23.541000	
10.737590	23.583000	
10.745910	23.626000	
10.754230	23.668000	
10.762550	23.710000	
10.770870	23.752000	
10.779190	23.794000	
10.787510	23.836000	
10.795830	23.878000	
10.804150	23.920000	
10.812470	23.962000	
10.820790	24.004000	
10.829110	24.045000	
10.837430	24.087000	
10.845750	24.129000	
10.854070	24.170000	
11.106660	24.211000	
11.114980	24.253000	
11.123300	24.294000	
11.131620	24.335000	
11.139940	24.376000	
11.148260	24.417000	
11.156580	24.458000	
11.164900	24.499000	
11.173220	24.540000	
11.181540	24.581000	
11.189860	24.621000	
11.198180	24.662000	
11.206500	24.702000	
11.214820	24.743000	
11.223140	24.783000	
11.231460	24.824000	
11.239780	24.864000	
11.248100	24.904000	
11.256420	24.944000	
11.264740	24.984000	
11.517320	25.024000	
11.525640	25.064000	
11.533960	25.104000	
11.542280	25.144000	
11.550600	25.184000	
11.558920	25.224000	
11.567240	25.263000	
11.575560	25.303000	
11.583880	25.342000	
11.592200	25.382000	
11.600520	25.421000	
11.608840	25.461000	
11.617160	25.500000	
11.625480	25.539000	
11.633800	25.578000	
11.642120	25.617000	
11.650440	25.656000	
11.658760	25.695000	
11.667080	25.734000	
11.675400	25.773000	
11.927990	25.812000	
11.936310	25.851000	
11.944630	25.889000	
11.952950	25.928000	
11.961270	25.967000	
11.969590	26.005000	
11.977910	26.044000	
11.986230	26.082000	
11.994550	26.120000	
12.002870	26.159000	
12.011190	26.197000	
12.019510	26.235000	
12.027830	26.273000	
12.036150	26.311000	
12.044470	26.349000	
12.052790	26.387000	
12.061110	26.425000	
12.069430	26.463000	
12.077750	26.501000	
12.086070	26.538000	
12.338660	26.576000	
12.346980	26.614000	
12.355300	26.651000	
12.363620	26.689000	
12.371940	26.726000	
12.380260	26.764000	
12.388580	26.801000	
12.396900	26.838000	
12.405220	26.876000	
12.413540	26.913000	
12.421860	26.950000	
12.430180	26.987000	
12.438500	27.024000	
12.446820	27.061000	
12.455140	27.098000	
12.463460	27.135000	
12.471780	27.172000	
12.480100	27.209000	
12.488420	27.245000	
12.496740	27.282000	
12.749320	27.319000	
12.757640	27.355000	
12.765960	27.392000	
12.774280	27.428000	
12.782600	27.465000	
12.790920	27.501000	
12.799240	27.538000	
12.807560	27.574000	
12.815880	27.610000	
12.824200	27.646000	
12.832520	27.683000	
12.840840	27.719000	
12.849160	27.755000	
12.857480	27.791000	
12.865800	27.827000	
12.874120	27.863000	
12.882440	27.899000	
12.890760	27.934000	
12.899080	27.970000	
12.907400	28.006000	
13.159990	28.042000	
13.168310	28.077000	
13.176630	28.113000	
13.184950	28.149000	
13.193270	28.184000	
13.201590	28.220000	
13.209910	28.255000	
13.218230	28.290000	
13.226550	28.326000	
13.234870	28.361000	
13.243190	28.396000	
13.251510	28.432000	
13.259830	28.467000	
13.268150	28.502000	
13.276470	28.537000	
13.284790	28.572000	
13.293110	28.607000	
13.301430	28.642000	
13.309750	28.677000	
13.318070	28.712000	
13.570650	28.747000	
13.578970	28.781000	
13.587290	28.816000	
13.595610	28.851000	
13.603930	28.885000	
13.612250	28.920000	
13.620570	28.955000	
13.628890	28.989000	
13.637210	29.024000	
13.645530	29.058000	
13.653850	29.093000	
13.662170	29.127000	
13.670490	29.161000	
13.678810	29.196000	
13.687130	29.230000	
13.695450	29.264000	
13.703770	29.298000	
13.712090	29.332000	
13.720410	29.366000	
13.728730	29.400000	
13.981320	29.434000	
13.989640	29.468000	
13.997960	29.502000	
14.006280	29.536000	
14.014600	29.570000	
14.022920	29.604000	
14.031240	29.638000	
14.039560	29.671000	
14.047880	29.705000	
14.056200	29.739000	
14.064520	29.772000	
14.072840	29.806000	
14.081160	29.840000	
14.089480	29.873000	
14.097800	29.907000	
14.106120	29.940000	
14.114440	29.973000	
14.122760	30.007000	
14.131080	30.040000	
14.139400	30.073000	
14.391990	30.107000	
14.400310	30.140000	
14.408630	30.173000	
14.848630	1.000000	
