0.000000	1.000000	
0.600010	2.000000	
1.000040	3.000000	
1.000050	4.000000	
1.400060	5.000000	
1.400080	6.000000	
1.400100	7.000000	
1.400110	8.000000	
1.800090	9.000000	
1.800100	10.000000	
1.800120	11.000000	
1.800140	12.000000	
1.800160	13.000000	
1.800170	14.000000	
1.800190	15.000000	
1.800210	16.000000	
2.200110	17.000000	
2.200130	18.000000	
2.200150	19.000000	
2.200160	20.000000	
2.200180	20.050000	
2.200200	20.100000	
2.200220	20.150000	
2.200230	20.199000	
2.200250	20.249000	
2.200270	20.298000	
2.200280	20.347000	
2.200300	20.397000	
2.200320	20.446000	
2.200340	20.494000	
2.200350	20.543000	
2.200370	20.592000	
2.600140	20.641000	
2.600160	20.689000	
2.600170	20.737000	
2.600190	20.786000	
2.600210	20.834000	
2.600220	20.882000	
2.600240	20.930000	
2.600260	20.977000	
2.600280	21.025000	
2.600290	21.073000	
2.600310	21.120000	
2.600330	21.167000	
2.600340	21.215000	
2.600360	21.262000	
2.600380	21.309000	
2.600400	21.356000	
2.600410	21.403000	
2.600430	21.449000	
2.600450	21.496000	
2.600460	21.542000	
3.000170	21.589000	
3.000180	21.635000	
3.000200	21.681000	
3.000220	21.727000	
3.000230	21.773000	
3.000250	21.819000	
3.000270	21.865000	
3.000280	21.911000	
3.000300	21.957000	
3.000320	22.002000	
3.000340	22.048000	
3.000350	22.093000	
3.000370	22.138000	
3.000390	22.183000	
3.000400	22.228000	
3.000420	22.273000	
3.000440	22.318000	
3.000460	22.363000	
3.000470	22.408000	
3.000490	22.453000	
3.400190	22.497000	
3.400210	22.542000	
3.400230	22.586000	
3.400240	22.630000	
3.400260	22.674000	
3.400280	22.718000	
3.400290	22.762000	
3.400310	22.806000	
3.400330	22.850000	
3.400340	22.894000	
3.400360	22.938000	
3.400380	22.981000	
3.400400	23.025000	
3.400410	23.068000	
3.400430	23.112000	
3.400450	23.155000	
3.400460	23.198000	
3.400480	23.241000	
3.400500	23.284000	
3.400520	23.327000	
3.800220	23.370000	
3.800230	23.413000	
3.800250	23.455000	
3.800270	23.498000	
3.800290	23.541000	
3.800300	23.583000	
3.800320	23.626000	
3.800340	23.668000	
3.800350	23.710000	
3.800370	23.752000	
3.800390	23.794000	
3.800400	23.836000	
3.800420	23.878000	
3.800440	23.920000	
3.800460	23.962000	
3.800470	24.004000	
3.800490	24.045000	
3.800510	24.087000	
3.800520	24.129000	
3.800540	24.170000	
4.200240	24.211000	
4.200260	24.253000	
4.200280	24.294000	
4.200290	24.335000	
4.200310	24.376000	
4.200330	24.417000	
4.200350	24.458000	
4.200360	24.499000	
4.200380	24.540000	
4.200400	24.581000	
4.200410	24.621000	
4.200430	24.662000	
4.200450	24.702000	
4.200460	24.743000	
4.200480	24.783000	
4.200500	24.824000	
4.200520	24.864000	
4.200530	24.904000	
4.200550	24.944000	
4.200570	24.984000	
4.600270	25.024000	
4.600290	25.064000	
4.600300	25.104000	
4.600320	25.144000	
4.600340	25.184000	
4.600350	25.224000	
4.600370	25.263000	
4.600390	25.303000	
4.600410	25.342000	
4.600420	25.382000	
4.600440	25.421000	
4.600460	25.461000	
4.600470	25.500000	
4.600490	25.539000	
4.600510	25.578000	
4.600520	25.617000	
4.600540	25.656000	
4.600560	25.695000	
4.600580	25.734000	
4.600590	25.773000	
5.000290	25.812000	
5.000310	25.851000	
5.000330	25.889000	
5.000350	25.928000	
5.000360	25.967000	
5.000380	26.005000	
5.000400	26.044000	
5.000410	26.082000	
5.000430	26.120000	
5.000450	26.159000	
5.000470	26.197000	
5.000480	26.235000	
5.000500	26.273000	
5.000520	26.311000	
5.000530	26.349000	
5.000550	26.387000	
5.000570	26.425000	
5.000580	26.463000	
5.000600	26.501000	
5.000620	26.538000	
5.400320	26.576000	
5.400340	26.614000	
5.400350	26.651000	
5.400370	26.689000	
5.400390	26.726000	
5.400410	26.764000	
5.400420	26.801000	
5.400440	26.838000	
5.400460	26.876000	
5.400470	26.913000	
5.400490	26.950000	
5.400510	26.987000	
5.400530	27.024000	
5.400540	27.061000	
5.400560	27.098000	
5.400580	27.135000	
5.400590	27.172000	
5.400610	27.209000	
5.400630	27.245000	
5.400640	27.282000	
5.800350	27.319000	
5.800360	27.355000	
5.800380	27.392000	
5.800400	27.428000	
5.800410	27.465000	
5.800430	27.501000	
5.800450	27.538000	
5.800470	27.574000	
5.800480	27.610000	
5.800500	27.646000	
5.800520	27.683000	
5.800530	27.719000	
5.800550	27.755000	
5.800570	27.791000	
5.800590	27.827000	
5.800600	27.863000	
5.800620	27.899000	
5.800640	27.934000	
5.800650	27.970000	
5.800670	28.006000	
6.200370	28.042000	
6.200390	28.077000	
6.200410	28.113000	
6.200420	28.149000	
6.200440	28.184000	
6.200460	28.220000	
6.200470	28.255000	
6.200490	28.290000	
6.200510	28.326000	
6.200530	28.361000	
6.200540	28.396000	
6.200560	28.432000	
6.200580	28.467000	
6.200590	28.502000	
6.200610	28.537000	
6.200630	28.572000	
6.200650	28.607000	
6.200660	28.642000	
6.200680	28.677000	
6.200700	28.712000	
6.600400	28.747000	
6.600420	28.781000	
6.600430	28.816000	
6.600450	28.851000	
6.600470	28.885000	
6.600480	28.920000	
6.600500	28.955000	
6.600520	28.989000	
6.600530	29.024000	
6.600550	29.058000	
6.600570	29.093000	
6.600590	29.127000	
6.600600	29.161000	
6.600620	29.196000	
6.600640	29.230000	
6.600650	29.264000	
6.600670	29.298000	
6.600690	29.332000	
6.600710	29.366000	
6.600720	29.400000	
7.000420	29.434000	
7.000440	29.468000	
7.000460	29.502000	
7.000480	29.536000	
7.000490	29.570000	
7.000510	29.604000	
7.000530	29.638000	
7.000540	29.671000	
7.000560	29.705000	
7.000580	29.739000	
7.000590	29.772000	
7.000610	29.806000	
7.000630	29.840000	
7.000650	29.873000	
7.000660	29.907000	
7.000680	29.940000	
7.000700	29.973000	
7.000710	30.007000	
7.000730	30.040000	
7.000750	30.073000	
7.400450	30.107000	
7.400470	30.140000	
7.400480	30.173000	
7.400500	30.206000	
7.400520	30.239000	
7.400540	30.272000	
7.400550	30.305000	
7.400570	30.338000	
7.400590	30.371000	
7.400600	30.404000	
7.400620	30.437000	
7.400640	30.470000	
7.400650	30.503000	
7.400670	30.536000	
7.400690	30.568000	
7.400710	30.601000	
7.400720	30.634000	
7.400740	30.666000	
7.400760	30.699000	
7.400770	30.732000	
7.800480	30.764000	
7.800490	30.797000	
7.800510	30.829000	
7.800530	30.862000	
7.800540	30.894000	
7.800560	30.926000	
7.800580	30.959000	
7.800600	30.991000	
7.800610	31.023000	
7.800630	31.055000	
7.800650	31.088000	
7.800660	31.120000	
7.800680	31.152000	
7.800700	31.184000	
7.800710	31.216000	
7.800730	31.248000	
7.800750	31.280000	
7.800770	31.312000	
7.800780	31.344000	
7.800800	31.376000	
8.200500	31.408000	
8.200520	31.440000	
8.200540	31.471000	
8.200550	31.503000	
8.200570	31.535000	
8.200590	31.567000	
8.200600	31.598000	
8.200620	31.630000	
8.200640	31.662000	
8.200660	31.693000	
8.200670	31.725000	
8.200690	31.756000	
8.200710	31.788000	
8.200720	31.819000	
8.200740	31.851000	
8.200760	31.882000	
8.200770	31.913000	
8.200790	31.945000	
8.200810	31.976000	
8.200830	32.007000	
8.630830	1.000000	
10.400030	2.000000	
10.800050	3.000000	
10.800070	4.000000	
11.200080	5.000000	
11.200090	6.000000	
11.200110	7.000000	
11.200130	8.000000	
11.600100	9.000000	
11.600120	10.000000	
11.600140	11.000000	
11.600150	12.000000	
11.600170	13.000000	
11.600190	14.000000	
11.600210	15.000000	
11.600220	16.000000	
12.000130	17.000000	
12.000150	18.000000	
12.000160	19.000000	
12.000180	20.000000	
12.000200	20.050000	
12.000210	20.100000	
12.000230	20.150000	
12.000250	20.199000	
12.000270	20.249000	
12.000280	20.298000	
12.000300	20.347000	
12.000320	20.397000	
12.000330	20.446000	
12.000350	20.494000	
12.000370	20.543000	
12.000390	20.592000	
12.400160	20.641000	
12.400170	20.689000	
12.400190	20.737000	
12.400210	20.786000	
12.400220	20.834000	
12.400240	20.882000	
12.400260	20.930000	
12.400270	20.977000	
12.400290	21.025000	
12.400310	21.073000	
12.400330	21.120000	
12.400340	21.167000	
12.400360	21.215000	
12.400380	21.262000	
12.400390	21.309000	
12.400410	21.356000	
12.400430	21.403000	
12.400450	21.449000	
12.400460	21.496000	
12.400480	21.542000	
12.800180	21.589000	
12.800200	21.635000	
12.800220	21.681000	
12.800230	21.727000	
12.800250	21.773000	
12.800270	21.819000	
12.800280	21.865000	
12.800300	21.911000	
12.800320	21.957000	
12.800330	22.002000	
12.800350	22.048000	
12.800370	22.093000	
12.800390	22.138000	
12.800400	22.183000	
12.800420	22.228000	
12.800440	22.273000	
12.800450	22.318000	
12.800470	22.363000	
12.800490	22.408000	
12.800510	22.453000	
13.200210	22.497000	
13.200220	22.542000	
13.200240	22.586000	
13.200260	22.630000	
13.200280	22.674000	
13.200290	22.718000	
13.200310	22.762000	
13.200330	22.806000	
13.200340	22.850000	
13.200360	22.894000	
13.200380	22.938000	
13.200390	22.981000	
13.200410	23.025000	
13.200430	23.068000	
13.200450	23.112000	
13.200460	23.155000	
13.200480	23.198000	
13.200500	23.241000	
13.200510	23.284000	
13.200530	23.327000	
13.600230	23.370000	
13.600250	23.413000	
13.600270	23.455000	
13.600280	23.498000	
13.600300	23.541000	
13.600320	23.583000	
13.600340	23.626000	
13.600350	23.668000	
13.600370	23.710000	
13.600390	23.752000	
13.600400	23.794000	
13.600420	23.836000	
13.600440	23.878000	
13.600450	23.920000	
13.600470	23.962000	
13.600490	24.004000	
13.600510	24.045000	
13.600520	24.087000	
13.600540	24.129000	
13.600560	24.170000	
14.000260	24.211000	
14.000280	24.253000	
14.000290	24.294000	
14.000310	24.335000	
14.000330	24.376000	
14.000340	24.417000	
14.000360	24.458000	
14.000380	24.499000	
14.000400	24.540000	
14.000410	24.581000	
14.000430	24.621000	
14.000450	24.662000	
14.000460	24.702000	
14.000480	24.743000	
14.000500	24.783000	
14.000510	24.824000	
14.000530	24.864000	
14.000550	24.904000	
14.000570	24.944000	
14.000580	24.984000	
14.400280	25.024000	
14.400300	25.064000	
14.400320	25.104000	
14.400340	25.144000	
14.400350	25.184000	
14.400370	25.224000	
14.400390	25.263000	
14.400400	25.303000	
14.400420	25.342000	
14.400440	25.382000	
14.400460	25.421000	
14.400470	25.461000	
14.400490	25.500000	
14.400510	25.539000	
14.400520	25.578000	
14.400540	25.617000	
14.400560	25.656000	
14.400570	25.695000	
14.400590	25.734000	
14.400610	25.773000	
14.800310	25.812000	
14.800330	25.851000	
14.800340	25.889000	
14.800360	25.928000	
14.800380	25.967000	
14.800400	26.005000	
14.800410	26.044000	
14.800430	26.082000	
14.800450	26.120000	
14.800460	26.159000	
14.800480	26.197000	
14.800500	26.235000	
14.800520	26.273000	
14.800530	26.311000	
14.800550	26.349000	
14.800570	26.387000	
14.800580	26.425000	
14.800600	26.463000	
14.800620	26.501000	
14.800630	26.538000	
15.200340	26.576000	
15.200350	26.614000	
15.200370	26.651000	
15.200390	26.689000	
15.200400	26.726000	
15.200420	26.764000	
15.200440	26.801000	
15.200460	26.838000	
15.200470	26.876000	
15.200490	26.913000	
15.200510	26.950000	
15.200520	26.987000	
15.200540	27.024000	
15.200560	27.061000	
15.200580	27.098000	
15.200590	27.135000	
15.200610	27.172000	
15.200630	27.209000	
15.200640	27.245000	
15.200660	27.282000	
15.630660	1.000000	
